11111111111011111111111011111001111111111101110110111111111111011111111111111101111111110111111110111111111111111111111111111111111111101111111
11111111111111101111111011111111111111111111111111111111111111100111110111101111111111110011111110111110111110111
0111111111111101111101011101011111111111111111111101110111001111111111111111111111101110111111111111111111
11111111111111111111011111111111111111111111111111111101111111111111111111110101111111111111111111101111111111111111
111111111111111001111110111111011111111001111111111011111011111011101111111111111110111111111111111111111110101111011100111111011111111111111111111111111111110
11111111111101111111111011101111111111011111111111011111111111001111111111111110111111111111111101111111111111101111111011111111111111111111111111111111111101111111111111111111111111111111
111111111101111111101111111111111111111111011111101111111111111111110111011111101111011111111111111111111110111111111111011111111111111111111111111111111011111111111111111101111111111111111110
111111111111111111111111001101111111011111111111111111111111111111111111011111111011111111111111111110111110111101111101111111111111111111101111111111111111111010111110111111111111
11111111111101110111101101111111111101111111111101111111111110111101111111110111101111111111101111111111111111101110111111101111011111111
1111011111111111111111111011011111101011111111111111010111111111111111111111110111110111111111101100111111111
0011110111111111111111111111111111110011101111110111110111111111011111111111111011111101111101101101111111011111111101111111111111111111011011
1111111110101111111110110111110101111011111111111111111111111101110001111111011111111111111111111111111111111110111110101111111101111111111111111011
11111111111111011011111011111111101111111111111111101111111111111111111111111111111111111110111111111111011111001111011111111111101111111111
0111111111111110101111111111111111111101111011111011111110011011111111111111011111111111111111111111101011111101110111111011110011
111111110111111111111111011111111111111101111110111111111111101111111110111111110111111111111111111110111001110111110111011111110110111010111010111111
11111111111110111111110110111011111111111111111111101101111011111101111111111110111110111111111111101111111111111111111111111111001101111101111111111111111111111111111111111110111111111111111111
111110111111111111111111111101111111111111001101111111110111101010101111111111111111111101110110111111110111111111111111111
1111111111011111111110111111111110011111111111111111111111111111111011111111111111111111101111111101111111011111110111011111111111111111
011111111111111110110111110111111111101111111111111111111101010111111111111101111111111111111111111011
1100101110101111101111111111111111111101111111111111100111111111111111111011101111111111111111111111011011111111111111100101111111111111
